=====================================================================================================
The data is formatted as follows:
TDoAone, TDoAtwo, X Location, Y Location
Before each log, we will mark the real location (in meters) of the tag with the line "REAL LOCATION: X, Y". 
=====================================================================================================
This data was generated using the Feather M0 boards and the Chan Ho position approximation algorithm.
===================================================================================================== 
REAL LOCATION: 1.25, 0.47
===================================================================================================== 
-0.92, 3.26, 1.14, 0.20
-1.28, 2.96, 1.20, 0.26
-1.61, 2.11, 1.27, 0.47
-1.39, 2.39, 1.23, 0.41
-1.25, 2.79, 1.20, 0.31
-1.53, 4.32, 1.24, -0.23
-1.50, 3.30, 1.23, 0.14
-1.60, 3.47, 1.24, 0.08
-1.49, 2.57, 1.24, 0.36
-1.52, 3.00, 1.23, 0.23
-1.13, 3.51, 1.17, 0.11
-1.75, 3.55, 1.26, 0.04
-1.74, 2.28, 1.28, 0.42
-0.17, 1.52, 1.03, 0.67
-0.78, 2.22, 1.13, 0.48
-1.13, 2.38, 1.18, 0.42
-1.17, 4.01, 1.18, -0.07
-0.66, 4.18, 1.10, -0.08
-1.03, 2.54, 1.17, 0.39
-0.78, 2.02, 1.13, 0.53
-0.59, 2.16, 1.10, 0.50
-0.83, 7.86, nan, nan
-1.06, 2.90, 1.17, 0.29
-0.83, 2.35, 1.14, 0.45
-0.91, 2.71, 1.14, 0.35
-1.13, 3.02, 1.17, 0.25
-0.92, 2.64, 1.15, 0.37
-1.00, 2.63, 1.16, 0.37
-1.03, 2.64, 1.16, 0.36
-0.88, 2.72, 1.14, 0.35
-0.94, 2.10, 1.16, 0.50
-0.99, 3.46, 1.15, 0.13
-1.31, 1.94, 1.22, 0.53
-1.25, 2.86, 1.20, 0.29
-0.97, 3.83, 1.15, 0.01
===================================================================================================== 
REAL LOCATION: 0.85, 0.87
===================================================================================================== 
1.52, 3.76, 0.77, 0.23
1.44, 7.21, nan, nan
1.31, 0.83, 0.74, 0.84
1.83, 1.72, 0.66, 0.69
1.19, 1.55, 0.78, 0.70
1.36, 1.88, 0.76, 0.64
1.17, 1.53, 0.78, 0.70
1.03, 1.08, 0.80, 0.79
1.60, 2.99, 0.74, 0.42
1.11, 2.85, 0.00, 0.00
===================================================================================================== 
REAL LOCATION: 